1651 9 c7c0 1 12c 10
4.22691536
4.33875465
4.46634483
4.61052704
4.79952049
5.03027534
5.29465103
5.60014343
5.8845768
6.13593483
0.0385913849
0.194074631
0.33372879
0.468013763
0.606843948
0.776578903
0.963953018
1.18067551
1.37539673
1.55833054
1.71456718
1.85271454
1.96772003
2.09216881
2.20275307
2.31705475
2.43571854
2.55454063
2.67277908
2.79769135
2.9260807
3.07588387
3.25848579
3.45640182
3.67311668
3.87446976
4.04194069
4.17728233
4.31645012
4.44952774
4.60164261
4.77416611
4.99522591
5.26035118
5.56426811
5.8575058
6.10614395
0.0280323029
0.185504913
0.310899734
0.466194153
0.606706619
0.779399872
0.965427399
1.16922951
1.37163734
1.55825424
1.72047424
1.8524704
1.9765873
2.09447479
2.20901871
2.32604027
2.44441223
2.56230354
2.68039131
2.81416702
2.94647789
3.09976959
3.27702713
2.22628212
2.34427071
2.46382713
2.58289909
2.70855904
2.83967209
2.97668457
3.15614319
3.34566498
3.55664253
3.76765251
3.95554733
4.12103271
4.2609539
4.39489555
4.53117943
4.69724655
4.90333557
5.15880585
5.46081352
5.76680756
6.02613258
6.25440979
0.145975113
0.298103333
0.42490387
0.570882797
0.740337372
0.932710648
1.12924957
1.33457184
1.53088951
1.69927979
1.83780098
1.96140862
2.07633781
2.19593239
2.31538391
2.43206978
2.55038452
2.66687202
2.79338837
2.92998505
3.08935356
3.28097916
3.48365593
3.67311668
3.86676598
4.04101753
4.20784187
4.34080505
4.46829033
4.61934853
4.79767418
5.03480721
5.31100655
5.61860275
5.90909767
6.15054512
0.0514698029
0.221918106
0.356338501
0.494512558
0.644205093
0.828111649
1.02478409
1.23402596
1.4261055
1.61182785
1.76653671
1.89546967
2.01503754
2.13657379
2.25694656
2.37051582
2.49316597
2.60624313
2.73838234
2.87001991
3.01206017
3.1793766
3.37149239
3.58509254
3.78877068
3.97035408
4.13701057
4.2901516
4.41138077
4.54177284
4.70566368
4.92272949
5.18933678
5.48315239
5.7841568
6.05865669
6.27422905
0.160991669
0.29854393
0.436887741
0.594659805
0.760631561
0.94824791
1.15572548
1.37036896
1.55400085
1.71259499
1.8503418
1.97733688
2.09877396
2.22156525
2.33654213
2.45511436
2.57969475
2.70114326
2.82717323
2.97303009
3.14359283
3.33384132
3.53761673
3.7454319
3.93700218
4.11336327
4.26163864
4.38806152
4.51611328
4.68655586
4.89194489
5.15056419
5.4421978
5.74576569
6.02873039
6.24755669
0.130674362
0.277364731
0.417110443
0.572921753
0.737854004
0.929290771
1.13874245
1.34503174
1.53088951
1.70005417
1.8425827
1.97040749
2.08500862
2.20714188
2.32588196
2.44460869
2.5618763
2.68723679
2.81479645
2.95355797
3.11453438
3.3083992
3.51518822
3.73008919
3.92544365
4.07794762
4.2239666
4.36940765
4.50942802
4.66601753
4.85837746
5.10399818
5.3976593
5.71300125
5.99256325
6.21874237
0.114051819
0.262067795
0.40819931
0.543733597
0.706100464
0.890411377
1.09454155
1.30217934
1.49909401
1.66671371
1.81567764
1.94306946
2.06098366
2.17577171
2.29473686
2.41174507
2.52621078
2.65176201
2.77709007
2.91846848
3.06886292
3.25474739
3.44412804
3.65798378
3.85464668
4.03569221
4.18785858
4.32349014
4.4518261
4.59312057
4.77249336
5.00306892
5.27527046
5.58331108
5.87787628
6.12781525
0.0427017212
0.202945709
0.344404221
0.483083725
0.627817154
0.792621613
0.977392197
1.19823837
1.40415382
1.58312035
1.73519135
1.87161827
1.9912262
2.11271667
2.22571564
2.34168053
2.45864105
2.57262421
2.69404793
2.82726669
2.96236992
3.11442184
3.30454254
3.49501801
3.69511604
3.89933014
