1651 9 c040 1 1f4 10
-349.892548
-349.892548
-349.892548
-349.980438
-349.980438
-350.068329
-350.068329
-350.068329
-350.156219
-350.156219
-350.156219
-350.156219
-350.156219
-350.24411
-350.24411
-350.24411
-350.332001
-350.332001
-350.332001
-350.419891
-350.419891
-350.419891
-350.507782
-350.507782
-350.507782
-350.507782
-350.595673
-350.595673
-350.595673
-350.595673
-350.683563
-350.683563
-350.771454
-350.771454
-350.771454
-350.859344
-350.859344
-350.859344
-350.859344
-350.859344
-350.947235
-350.947235
-350.947235
-351.035126
-351.035126
-351.035126
-351.123016
-351.123016
-351.123016
-351.210907
-351.210907
-351.210907
-351.210907
-351.298798
-351.298798
-351.298798
-351.298798
-351.386688
-351.386688
-351.474579
-351.474579
-351.474579
-351.562469
-351.562469
-351.562469
-351.562469
-351.562469
-351.65036
-351.65036
-351.65036
-351.738251
-351.738251
-351.738251
-351.826141
-351.826141
-351.826141
-351.914032
-351.914032
-351.914032
-351.914032
-352.001923
-352.001923
-352.001923
-352.001923
-352.089813
-352.089813
-352.177704
-352.177704
-352.177704
-352.265594
-352.265594
-352.265594
-352.265594
-352.265594
-352.353485
-352.353485
-352.353485
-352.441376
-352.441376
-352.441376
-352.529266
-352.529266
-352.529266
-352.617157
-352.617157
-352.617157
-352.617157
-352.705048
-352.705048
-352.705048
-352.705048
-352.792938
-352.792938
-352.880829
-352.880829
-352.880829
-352.968719
-352.968719
-352.968719
-352.968719
-352.968719
-353.05661
-353.05661
-353.05661
-353.144501
-353.144501
-353.144501
-353.232391
-353.232391
-353.232391
-353.320282
-353.320282
-353.320282
-353.320282
-353.408173
-353.408173
-353.408173
-353.408173
-353.496063
-353.496063
-353.583954
-353.583954
-353.583954
-353.671844
-353.671844
-353.671844
-353.671844
-353.671844
-353.759735
-353.759735
-353.759735
-353.847626
-353.847626
-353.847626
-353.935516
-353.935516
-353.935516
-354.023407
-354.023407
-354.023407
-354.023407
-354.111298
-354.111298
-354.111298
-354.111298
-354.199188
-354.199188
-354.287079
-354.287079
-354.287079
-354.374969
-354.374969
-354.374969
-354.374969
-354.374969
-354.46286
-354.46286
-354.46286
-354.550751
-354.550751
-354.550751
-354.638641
-354.638641
-354.638641
-354.726532
-354.726532
-354.726532
-354.726532
-354.726532
-354.814423
-354.814423
-354.814423
-354.902313
-354.902313
-354.990204
-354.990204
-354.990204
-355.078094
-355.078094
-355.078094
-355.078094
-355.078094
-355.165985
-355.165985
-355.165985
-355.253876
-355.253876
-355.253876
-355.341766
-355.341766
-355.429657
-355.429657
-355.429657
-355.429657
-355.429657
-355.429657
-355.517548
-355.517548
-355.517548
-355.605438
-355.605438
-355.693329
-355.693329
-355.693329
-355.781219
-355.781219
-355.781219
-355.781219
-355.781219
-355.86911
-355.86911
-355.86911
-355.86911
-355.957001
-355.957001
-356.044891
-356.044891
-356.044891
-356.132782
-356.132782
-356.132782
-356.132782
-356.132782
-356.220673
-356.220673
-356.220673
-356.308563
-356.308563
-356.308563
-356.396454
-356.396454
-356.396454
-356.484344
-356.484344
-356.484344
-356.484344
-356.572235
-356.572235
-356.572235
-356.572235
-356.660126
-356.660126
-356.748016
-356.748016
-356.835907
-356.835907
-356.835907
-356.835907
-356.835907
-356.835907
-356.923798
-356.923798
-356.923798
-356.923798
-357.011688
-357.011688
-357.099579
-357.099579
-357.099579
-357.187469
-357.187469
-357.187469
-357.187469
-357.187469
-357.27536
-357.27536
-357.27536
-357.363251
-357.363251
-357.363251
-357.451141
-357.451141
-357.451141
-357.539032
-357.539032
-357.539032
-357.539032
-357.626923
-357.626923
-357.626923
-357.626923
-357.714813
-357.714813
-357.802704
-357.802704
-357.802704
-357.890594
-357.890594
-357.890594
-357.890594
-357.890594
-357.978485
-357.978485
-357.978485
-358.066376
-358.066376
-358.066376
-358.154266
-358.154266
-358.154266
-358.242157
-358.242157
-358.242157
-358.242157
-358.242157
-358.330048
-358.330048
-358.330048
-358.417938
-358.417938
-358.505829
-358.505829
-358.505829
-358.593719
-358.593719
-358.593719
-358.593719
-358.593719
-358.68161
-358.68161
-358.68161
-358.68161
-358.769501
-358.769501
-358.857391
-358.857391
-358.857391
-358.945282
-358.945282
-358.945282
-358.945282
-358.945282
-359.033173
-359.033173
-359.033173
-359.121063
-359.121063
-359.121063
-359.208954
-359.208954
-359.208954
-359.296844
-359.296844
-359.296844
-359.296844
-359.296844
-359.384735
-359.384735
-359.384735
-359.472626
-359.472626
-359.560516
-359.560516
-359.648407
-359.648407
-319.570282
-319.570282
-319.658173
-319.658173
-319.658173
-319.746063
-319.746063
-319.833954
-319.833954
-319.833954
-319.921844
-319.921844
-319.921844
-319.921844
-319.921844
-320.009735
-320.009735
-320.009735
-320.097626
-320.097626
-320.185516
-320.185516
-320.185516
-320.273407
-320.273407
-320.273407
-320.273407
-320.361298
-320.361298
-320.361298
-320.361298
-320.449188
-320.449188
-320.537079
-320.537079
-320.537079
-320.624969
-320.624969
-320.624969
-320.624969
-320.71286
-320.71286
-320.71286
-320.800751
-320.800751
-320.800751
-320.888641
-320.888641
-320.888641
-320.976532
-320.976532
-320.976532
-320.976532
-321.064423
-321.064423
-321.064423
-321.152313
-321.152313
-321.240204
-321.240204
-321.240204
-321.328094
-321.328094
-321.328094
-321.328094
-321.328094
-321.415985
-321.415985
-321.415985
-321.503876
-321.503876
-321.591766
-321.591766
-321.591766
-321.679657
-321.679657
-321.679657
-321.679657
-321.767548
-321.767548
-321.767548
-321.767548
-321.855438
-321.855438
-321.943329
-321.943329
-321.943329
-322.031219
-322.031219
-322.031219
-322.031219
-322.11911
-322.11911
-322.11911
-322.11911
-322.207001
-322.207001
-322.294891
-322.294891
-322.294891
-322.382782
-322.382782
-322.382782
-322.382782
-322.470673
-322.470673
-322.470673
-322.558563
-322.558563
-322.558563
-322.646454
-322.646454
-322.734344
-322.734344
-322.734344
-322.734344
-322.734344
-322.822235
-322.822235
-322.822235
-322.910126
-322.910126
-322.998016
-322.998016
-322.998016
