1651 9 c7c0 1 12c 10
81.2358475
81.2382431
81.2405624
81.2431412
81.2457352
81.2481613
81.2500687
81.2521744
81.2543182
81.2563705
81.2584
81.2600784
81.261673
81.2632599
81.2647171
81.2663345
81.2680359
81.2696838
81.2711868
81.2725983
81.2741318
81.2756729
81.2773285
81.2789764
81.2805023
81.2820053
81.2834625
81.2849808
81.2866669
81.288475
81.2903061
81.2918625
81.293541
81.2951431
81.2972488
81.2994995
81.3019638
81.3046722
81.3070145
81.3092728
81.3119049
81.3144913
81.3171463
81.3195801
81.3215332
81.3236008
81.325531
81.3272705
81.3291702
81.3308563
81.3319931
81.3331833
81.3345718
81.3355942
81.3367157
81.337944
81.3392029
81.3405533
81.3415375
81.3434143
81.3461914
81.3494568
81.3536301
81.3581924
81.3633652
81.3684769
81.3737259
81.377739
81.3806381
81.3830872
81.3850937
81.3861313
81.3879471
81.3892365
81.3905258
81.3916092
81.39328
81.3945694
81.3960419
81.3974838
81.3991318
81.4009247
81.4024277
81.4039764
81.4058456
80.7441177
80.7456589
80.7472153
80.7488022
80.7505417
80.7522354
80.7540512
80.755661
80.7572861
80.7588577
80.7606583
80.7627335
80.7646408
80.7667007
80.7687454
80.7709961
80.773407
80.776207
80.7795639
80.7824783
80.7851639
80.7879868
80.7907944
80.7932053
80.7959518
80.7981491
80.8001709
80.8019638
80.8036041
80.8051453
80.8067932
80.8082275
80.8095169
80.811058
80.8121109
80.8139114
80.8158264
80.8189011
80.8232956
80.8286667
80.8346481
80.840744
80.8472214
80.8520203
80.8551788
80.8571472
80.85923
80.8606339
80.8621521
80.8636017
80.8654556
80.8672867
80.8688812
80.8706284
80.8723526
80.8741379
80.8762207
80.878891
80.8812866
80.8834457
80.8861313
80.8888092
80.8918686
80.8950348
80.8979416
80.9006653
80.9028625
80.9049835
80.9071426
80.9092255
80.9113235
80.913147
80.9149323
80.9166946
80.9184418
80.9203339
80.922226
80.9240952
80.9258347
80.9275208
80.9293442
80.9311218
80.9331741
80.9350204
80.9370575
80.9389801
80.9409485
80.9429321
80.9453659
80.948143
80.9511414
80.9539719
80.9569473
80.9595795
80.9624939
80.965683
80.968399
80.9709091
80.973114
80.9749298
80.9770889
80.9788284
80.9803543
80.9820175
80.9834442
80.9847107
80.9859161
80.9872665
80.9886246
80.9906769
80.9929504
80.99617
81.0001526
81.0054474
81.011734
81.0184555
81.0235825
81.0279846
81.0302811
81.0331879
81.03479
81.0365448
81.0378265
81.0393295
81.0410309
81.0427628
81.0441742
81.0460587
81.0480042
81.0499802
81.0518341
81.0539322
81.0559464
81.0584412
81.061142
81.0637589
81.0667419
81.0693283
81.0718918
81.0745926
81.0771027
81.0794144
81.0814819
81.0834045
81.0851059
81.0867081
81.0885849
81.0905228
81.0922546
81.0938873
81.0954971
81.0970993
81.0986633
81.1003799
81.1021576
81.1038666
81.1054916
81.1070023
81.1085739
81.1102371
81.1121368
81.113945
81.115654
81.1175232
81.1194763
81.1214371
81.1236877
81.1261902
81.1291046
81.1316528
81.1339951
81.1368103
81.1394653
81.1418762
81.1445541
81.1468735
81.1486969
81.1504211
81.1524124
81.1541748
81.1557617
81.1571732
81.1584473
81.1596756
81.1606369
81.1616821
81.1633377
81.1647186
81.1660614
81.1684113
81.1709976
81.1742783
81.179245
81.1852798
81.1909866
81.1960068
81.2000122
81.2036667
81.2061996
81.2087402
81.2108841
81.2118607
81.2133865
81.2146606
81.2158966
81.2172699
81.2188416
81.2205276
81.2217712
81.223381
81.2247696
81.2264633
81.2282028
81.2301025
81.2322769
