1651 9 c440 1 1f4 10
-350.031097
-350.018799
-350.031097
-350.031097
-350.037964
-350.031097
-350.031097
-350.014343
-350.031097
-350.031097
-350.031097
-350.047821
-350.031097
-350.38266
-350.38147
-350.38266
-350.38266
-350.410583
-350.38266
-350.38266
-350.38266
-350.380402
-350.38266
-350.38266
-350.383118
-350.38266
-350.734222
-350.734222
-350.719543
-350.734222
-350.734222
-350.736389
-350.734222
-350.734222
-350.720825
-350.734222
-350.734222
-350.734222
-350.758514
-350.734222
-351.085785
-351.081757
-351.085785
-351.085785
-351.10968
-351.085785
-351.085785
-351.085785
-351.085785
-351.085785
-351.085785
-351.087708
-351.085785
-351.437347
-351.437347
-351.420441
-351.437347
-351.437347
-351.438232
-351.437347
-351.437347
-351.425415
-351.437347
-351.437347
-351.437347
-351.464844
-351.437347
-351.78891
-351.783752
-351.78891
-351.78891
-351.807312
-351.78891
-351.78891
-351.78891
-351.78891
-351.78891
-351.78891
-351.792969
-351.78891
-352.140472
-352.140472
-352.122894
-352.140472
-352.140472
-352.140472
-352.140472
-352.140472
-352.130035
-352.140472
-352.140472
-352.140472
-352.170471
-352.140472
-352.492035
-352.486359
-352.492035
-352.492035
-352.508759
-352.492035
-352.492035
-352.492035
-352.492035
-352.492035
-352.492035
-352.497131
-352.492035
-352.843597
-352.843597
-352.825409
-352.843597
-352.843597
-352.843597
-352.843597
-352.843597
-352.833069
-352.843597
-352.843597
-352.843597
-352.872345
-352.843597
-353.19516
-353.18985
-353.19516
-353.19516
-353.212891
-353.19516
-353.19516
-353.19516
-353.19516
-353.19516
-353.19516
-353.199127
-353.19516
-353.546722
-353.546722
-353.529266
-353.546722
-353.546722
-353.546906
-353.546722
-353.546722
-353.535095
-353.546722
-353.546722
-353.546722
-353.572815
-353.546722
-353.898285
-353.894104
-353.898285
-353.898285
-353.920654
-353.898285
-353.898285
-353.898285
-353.898254
-353.898285
-353.898285
-353.899689
-353.898285
-354.249847
-354.249847
-354.233307
-354.249847
-354.249847
-354.252106
-354.249847
-354.249847
-354.235626
-354.249847
-354.249847
-354.249847
-354.269836
-354.249847
-354.60141
-354.59906
-354.60141
-354.60141
-354.62851
-354.60141
-354.60141
-354.60141
-354.598572
-354.60141
-354.60141
-354.60141
-354.60141
-354.60141
-354.952972
-354.94043
-354.952972
-354.952972
-354.958069
-354.952972
-354.952972
-354.936005
-354.952972
-354.952972
-354.952972
-354.966888
-354.952972
-355.304535
-355.304291
-355.304535
-355.304535
-355.304535
-355.304535
-355.304535
-355.304535
-355.29953
-355.304535
-355.304535
-355.304535
-355.304535
-355.304535
-355.656097
-355.647003
-355.656097
-355.656097
-355.666931
-355.656097
-355.656097
-355.656097
-355.656097
-355.656097
-355.656097
-355.662231
-355.656097
-356.00766
-356.00766
-356.00766
-356.00766
-356.00766
-356.00766
-356.00766
-356.00766
-355.996979
-356.00766
-356.00766
-356.00766
-356.035583
-356.00766
-356.359222
-356.355042
-356.359222
-356.359222
-356.378143
-356.359222
-356.359222
-356.359222
-356.358704
-356.359222
-356.359222
-356.360474
-356.359222
-356.710785
-356.710785
-356.696503
-356.710785
-356.710785
-356.713531
-356.710785
-356.710785
-356.695831
-356.710785
-356.710785
-356.710785
-356.726868
-356.710785
-357.062347
-357.062256
-357.062347
-357.062347
-357.098389
-357.062347
-357.062347
-357.062347
-357.057495
-357.062347
-357.062347
-357.062347
-357.062347
-357.062347
-357.41391
-357.404816
-357.41391
-357.41391
-357.425262
-357.41391
-357.41391
-357.41391
-357.41391
-357.41391
-357.41391
-357.418549
-357.41391
-357.765472
-357.765472
-357.747162
-357.765472
-357.765472
-357.765839
-357.765472
-357.765472
-357.75293
-357.765472
-357.765472
-357.765472
-357.786713
-357.765472
-358.117035
-358.115326
-358.117035
-358.117035
-358.141144
-358.117035
-358.117035
-358.117035
-358.114105
-358.117035
-358.117035
-358.117035
-358.117035
-358.117035
-358.468597
-358.458221
-358.468597
-358.468597
-358.476471
-358.468597
-358.468597
-358.468597
-358.468597
-358.468597
-358.468597
-358.476593
-358.468597
-358.82016
-358.82016
-358.82016
-358.82016
-358.82016
-358.82016
-358.82016
-358.82016
-358.810577
-358.82016
-358.82016
-358.82016
-358.843475
-358.82016
-359.171722
-359.168884
-359.171722
-359.171722
-359.197418
-359.171722
-359.171722
-359.171722
-359.168671
-359.171722
-359.171722
-359.171722
-359.171722
-359.171722
-359.523285
-359.512451
-359.523285
-359.523285
-359.531738
-359.523285
-359.523285
-359.523285
-359.523285
-333.544891
-333.632782
-333.632782
-333.632782
-333.632782
-333.720673
-333.720673
-333.720673
-333.808563
-333.808563
-333.808563
-333.896454
-333.896454
-333.896454
-333.984344
-333.984344
-333.984344
-333.984344
-334.072235
-334.072235
-334.072235
-334.072235
-334.160126
-334.160126
-334.248016
-334.248016
-334.248016
-334.335907
-334.335907
-334.335907
-334.335907
-334.423798
-334.423798
-334.423798
-334.423798
-334.511688
-334.511688
-334.599579
-334.599579
-334.599579
-334.687469
-334.687469
-334.687469
-334.687469
-334.77536
-334.77536
-334.77536
-334.77536
-334.863251
-334.863251
-334.951141
-334.951141
-334.951141
-335.039032
-335.039032
-335.039032
-335.039032
-335.126923
-335.126923
-335.126923
-335.126923
-335.214813
-335.214813
-335.302704
-335.302704
-335.302704
-335.390594
-335.390594
-335.390594
-335.390594
-335.478485
-335.478485
-335.478485
-335.478485
-335.566376
-335.566376
-335.654266
-335.654266
-335.654266
-335.742157
-335.742157
-335.742157
-335.742157
-335.830048
-335.830048
-335.830048
-335.830048
-335.917938
-335.917938
-336.005829
-336.005829
-336.005829
-336.093719
-336.093719
-336.093719
-336.093719
-336.093719
-336.18161
-336.18161
-336.18161
-336.269501
-336.269501
-336.357391
-336.357391
-336.357391
-336.445282
-336.445282
-336.445282
-336.445282
-336.445282
-336.533173
-336.533173
-336.533173
-336.621063
-336.621063
-336.708954
-336.708954
-336.708954
-336.796844
-336.796844
-336.796844
-336.796844
-336.796844
-336.884735
-336.884735
