1651 9 ca40 1 12c 10
4083.0
4083.0
4083.0
4083.0
4083.0
4084.0
4084.0
4084.0
4084.0
4084.0
4084.0
4084.0
4084.0
4084.0
4085.0
4085.0
4085.0
4085.0
4086.0
4086.0
4086.0
4086.0
4086.0
4086.0
4086.0
4086.0
4086.0
4086.0
4087.0
4087.0
4087.0
4087.0
4087.0
4087.0
4087.0
4087.0
4087.0
4087.0
4087.0
4087.0
4087.0
4087.0
4088.0
4088.0
4088.0
4088.0
4088.0
4088.0
4088.0
4088.0
4088.0
4089.0
4089.0
4089.0
4090.0
4090.0
4090.0
4090.0
4090.0
4090.0
4090.0
4090.0
4090.0
4090.0
4090.0
4091.0
4091.0
4091.0
4091.0
4091.0
4091.0
4091.0
4091.0
4091.0
4091.0
4091.0
4091.0
4091.0
4091.0
4092.0
4092.0
4092.0
4092.0
4092.0
4092.0
4092.0
4092.0
4092.0
4093.0
4093.0
4093.0
4093.0
4094.0
4094.0
4094.0
4094.0
4094.0
4094.0
4094.0
4094.0
4094.0
4094.0
4095.0
4095.0
4095.0
4095.0
4095.0
4095.0
4095.0
4095.0
4095.0
4095.0
4095.0
4095.0
4095.0
4095.0
4096.0
4096.0
4096.0
4096.0
4096.0
4096.0
4096.0
4096.0
4096.0
4096.0
4097.0
4097.0
4097.0
4097.0
4098.0
4098.0
4098.0
4098.0
4098.0
4098.0
4098.0
4098.0
4098.0
4098.0
4099.0
4099.0
4099.0
4099.0
4099.0
4099.0
4099.0
4099.0
4099.0
4099.0
4099.0
4099.0
4099.0
4099.0
4100.0
4100.0
4100.0
4100.0
4100.0
4100.0
4100.0
4100.0
4100.0
4100.0
4101.0
4101.0
4101.0
4101.0
4102.0
4102.0
4102.0
4102.0
4102.0
4102.0
4102.0
4102.0
4102.0
4102.0
4103.0
4103.0
4103.0
4103.0
4103.0
4103.0
4103.0
4103.0
4103.0
4103.0
4103.0
4103.0
4103.0
4103.0
4103.0
4104.0
4104.0
4104.0
4104.0
4104.0
4104.0
4104.0
4104.0
4104.0
4105.0
4105.0
4105.0
4105.0
4106.0
4106.0
4106.0
4106.0
4106.0
4106.0
4106.0
4106.0
4106.0
4106.0
4107.0
4107.0
4107.0
4107.0
4107.0
4107.0
4107.0
4107.0
4107.0
4107.0
4107.0
4107.0
4107.0
4107.0
4108.0
4108.0
4108.0
4108.0
4108.0
4108.0
4108.0
4108.0
4108.0
4108.0
4109.0
4109.0
4109.0
4109.0
4110.0
4110.0
4110.0
4110.0
4110.0
4110.0
4110.0
4111.0
4078.0
4078.0
4079.0
4079.0
4079.0
4079.0
4079.0
4079.0
4079.0
4079.0
4079.0
4079.0
4079.0
4079.0
4079.0
4079.0
4079.0
4080.0
4080.0
4080.0
4080.0
4080.0
4080.0
4080.0
4080.0
4080.0
4081.0
4081.0
4082.0
4082.0
4082.0
4082.0
4082.0
4082.0
4082.0
4082.0
4082.0
4082.0
4082.0
4082.0
4083.0
4083.0
4083.0
4083.0
4083.0
4083.0
4083.0
4083.0
