1651 9 c040 1 96 10
4.06007481
3.5866282
2.89336324
2.45302892
2.15696549
1.58455408
0.914770544
0.415332317
5.93603468
5.01501656
4.25585127
3.79706287
3.14867449
2.57466173
2.27808714
1.82834101
1.14194298
0.63566947
0.00822913647
5.36115932
4.50510406
3.96986389
3.4273746
2.74428654
2.38350153
2.04509997
1.38389456
0.787396133
0.275589347
5.7322998
4.786901
4.12115955
3.67397189
2.99117184
2.49786019
2.20720816
1.67763519
0.994161367
0.516461372
6.08680916
5.16514874
4.35195255
3.87393665
3.25536394
2.63824987
2.32941246
1.93290472
1.24279261
0.710231304
0.146044374
5.53886795
4.64280844
4.05558634
3.56774282
2.87099528
2.43986416
2.13839197
1.55526662
0.900137186
0.407953382
5.92767143
4.98111153
4.22742319
3.77457714
3.13591862
2.57127738
2.27382994
1.82810402
1.12101507
0.622433126
0.0081076622
5.38099909
4.50317574
3.96534419
3.42455721
2.75128937
2.39203358
2.0644455
1.4156276
0.817239881
0.309638143
5.78177261
4.84971619
4.1711154
3.7146132
3.03723383
2.51731968
2.23495531
1.74693477
1.05672514
0.563934684
6.1693306
5.25339746
4.41651726
3.92377019
3.36338377
2.70460796
2.3626895
2.00449109
1.34805417
0.767446578
0.240592241
5.67943096
4.76084089
4.10958958
3.64634705
2.95686221
2.48927641
2.20337534
1.66209114
0.982051313
0.510741353
6.11062098
5.18259907
4.36456108
3.88439608
3.29360437
2.66107297
2.34285402
1.98281264
1.30888796
0.734658837
0.192299247
5.63939953
4.72955513
4.09205055
3.62703013
2.94590855
2.48080397
2.1968317
1.66440082
0.98765111
0.520879745
6.11778736
5.17639351
4.36027098
3.8863833
3.31175208
2.67499804
2.34854412
1.98537052
1.30573595
0.748707294
0.218300462
5.66147232
4.73337841
4.09846067
3.62775588
2.95418596
2.49003649
