1651 9 c040 1 5dc 9
495
305
618
1151
1316
1270
915
407
328
757
1219
1323
1224
778
323
374
898
1258
1319
1166
635
291
473
1029
1293
1302
1076
528
294
576
1120
1311
1280
963
433
309
696
1199
1320
1241
844
362
356
834
1243
1324
1197
710
318
427
960
1272
1315
1132
602
302
504
1053
1299
1298
1049
505
295
594
1139
1312
1274
946
417
314
713
1199
1323
1246
838
363
354
817
1231
1323
1210
741
319
391
917
1266
1318
1161
642
291
454
1011
1285
1307
1101
564
292
537
1090
1303
1292
1024
489
307
620
1146
1316
1276
944
421
316
698
1191
1319
1250
855
366
330
788
1228
1323
1224
780
346
383
875
1248
1325
1190
704
315
412
944
1273
1317
1153
626
290
458
1013
1287
1310
1107
568
286
514
1069
1299
1300
1059
521
292
561
1107
1310
1285
1007
469
298
623
1152
1311
1273
946
420
305
683
1183
1320
1261
895
391
321
727
1199
1322
1246
860
366
324
764
1221
1321
1232
813
350
354
821
1233
1325
1214
757
331
379
868
1244
1322
1198
725
318
384
893
1258
1320
1184
698
307
401
927
1261
1318
1167
661
307
439
971
1271
1315
1152
634
300
440
982
1281
1315
1139
616
283
446
996
1281
1310
1132
600
287
472
1017
1288
1311
1118
596
299
481
1021
1286
1308
1109
588
289
483
1031
1291
1307
1111
577
290
499
1041
1293
1309
1107
581
307
502
1031
1289
1308
1107
591
296
493
1033
1289
1306
1113
579
290
494
1035
1288
1314
1115
593
309
496
1024
1284
1312
1123
610
291
466
1008
1282
1308
1136
610
285
457
994
1277
1311
1149
632
299
443
968
1274
1319
1160
670
307
412
937
1265
1313
1182
702
312
400
909
1257
1323
1193
726
327
394
875
1252
1324
1208
774
351
372
833
1237
1318
1228
807
356
349
799
1219
1328
1241
839
376
338
756
1209
1322
1254
892
404
308
695
1180
1316
1268
949
420
292
624
1147
1318
1286
987
474
303
588
1120
1306
1291
1048
528
293
533
1074
1296
1303
1102
576
291
487
1015
1285
1318
1139
636
311
445
957
1272
1321
1181
712
328
392
880
1248
1323
1216
786
347
352
799
1223
1327
1238
861
393
333
723
1196
1320
1267
945
440
300
634
1143
1311
1285
1023
491
287
552
1087
1302
1303
1092
577
303
509
1023
1280
1317
1165
669
307
411
910
1257
1321
1207
763
337
355
817
1227
1325
1240
869
391
326
704
1181
1320
1273
972
456
294
592
1118
1305
1292
1066
542
294
511
1038
1288
1313
1140
641
319
431
933
1259
1320
1197
757
338
360
814
1222
1318
1249
872
395
324
698
1173
1318
1279
994
483
290
560
1090
1301
1300
1101
584
286
458
981
1270
1321
1181
711
327
394
849
1239
1318
1237
869
404
319
697
1176
1312
1271
988
472
293
566
1087
1300
1309
1101
596
306
459
971
1265
1317
1192
745
329
355
808
1220
1321
1252
894
404
307
648
1151
1313
1285
1049
539
298
497
1023
1281
1315
1159
682
319
398
878
1241
1323
1234
844
382
333
713
1181
1314
1281
1006
501
305
538
1062
1291
1311
1139
646
305
409
907
1248
1324
1226
825
373
333
721
1187
1315
1277
999
496
294
542
1066
1292
1310
1146
652
309
411
896
1246
1324
1227
834
395
339
706
1175
1317
1280
1020
509
291
526
1043
1284
1318
1160
677
323
400
856
1233
1322
1242
883
413
309
643
1142
1306
1295
1073
554
289
473
980
1270
1325
1198
757
348
353
768
1200
1322
1270
972
470
287
553
1068
1293
1315
1145
656
314
403
878
1241
1321
1243
876
412
314
640
1134
1308
1297
1086
583
298
451
957
1262
1324
1216
801
369
338
717
1177
1316
1284
1027
529
296
496
1017
1277
1316
1318
1097
493
314
756
1242
1318
1128
528
298
703
1225
1323
1161
577
285
643
1202
1320
1186
630
286
598
1182
1321
1209
673
288
550
1149
1316
1233
723
300
507
1115
1316
1251
780
317
477
1077
1308
1264
845
335
424
1017
1300
1285
915
365
384
949
1285
1295
979
407
351
884
1272
1308
1037
441
320
812
1253
1313
1101
493
299
725
1227
1320
1152
564
296
657
1199
1328
1190
632
301
592
1167
1323
1225
706
299
505
1113
1312
1252
805
328
443
1041
1306
1276
895
369
396
962
1289
1293
976
400
345
877
1273
1312
1060
454
306
769
1244
1320
1133
539
301
672
1207
1327
1187
636
301
584
1165
1325
1229
732
308
487
1096
1311
1264
845
342
405
999
1297
1285
962
400
354
883
1271
1306
1063
467
313
775
1240
1318
1146
557
288
652
1199
1325
1206
672
296
537
1134
1317
1247
800
329
445
1038
1300
1284
921
383
373
919
1277
1307
1040
453
315
777
1243
1319
1144
551
287
641
1193
1321
1211
681
301
528
1118
1319
1257
816
332
426
1002
1300
1287
958
401
353
865
1266
1315
1077
503
312
719
1215
1323
1174
626
288
573
1156
1322
1236
765
310
447
1046
1302
1279
927
374
358
898
1276
1310
1069
485
313
733
1227
1318
1175
622
302
574
1152
1318
1241
781
326
438
1029
1301
1287
947
388
355
875
1262
1311
1094
500
302
693
1206
1323
1199
659
299
539
1122
1320
1260
838
350
415
977
1292
1302
1011
451
338
795
1242
1321
1146
589
303
612
1169
1321
1231
765
316
448
1039
1302
1286
954
395
348
862
1261
1316
1111
528
300
669
1203
1324
1218
714
307
483
1075
1302
1278
922
380
358
883
1260
1310
1099
523
298
672
1202
1322
1214
706
312
497
1077
1305
1278
911
384
375
896
1269
1318
1091
520
307
672
1198
1323
1218
718
312
468
1060
1307
1280
947
398
347
858
1259
1312
1127
564
295
628
1178
1319
1238
763
315
449
1028
1296
1293
985
422
336
796
1242
1320
1165
611
298
559
1133
1319
1256
850
349
382
927
1281
1307
1062
476
298
713
1211
1322
1214
705
301
484
1069
1308
1281
940
398
347
840
1253
1314
1147
593
297
576
1147
1318
1252
837
342
394
947
1279
1308
1070
482
298
687
1200
1323
1221
717
307
459
1037
1301
1291
981
421
329
777
1237
1321
1177
655
308
526
1104
1312
1270
908
375
355
865
1259
1313
1135
562
282
585
1151
1319
1258
834
335
384
927
1276
1311
1092
515
300
640
1181
1323
1238
789
338
417
967
1285
1302
1050
486
304
689
1203
1322
1224
736
306
439
1017
1294
1298
1019
452
311
723
1218
1320
1213
720
317
464
1032
1297
1295
1012
450
311
731
1220
1325
1208
698
301
460
1037
1297
1295
998
437
319
744
1225
1326
1201
698
307
461
1036
1298
1292
1010
457
312
721
1210
1321
1208
725
309
454
1023
1291
1295
1021
458
316
717
1205
1325
1218
730
315
434
996
1292
1302
1049
487
305
661
1188
1322
1236
794
332
402
954
1280
1305
1091
518
287
622
1167
1315
1252
839
348
377
897
1263
1317
1135
581
297
557
1122
1309
1271
915
398
349
819
1243
1323
1174
649
293
493
1071
1299
1286
985
427
309
732
1215
1323
1218
743
323
436
988
1286
1309
1072
522
312
643
1168
1320
1249
840
350
366
879
1261
1318
1150
590
281
523
1102
1313
1282
954
416
327
764
1230
1322
1208
718
316
438
999
1287
1303
1066
504
300
623
1165
1311
1254
851
354
357
860
1253
1324
1162
623
292
501
1074
1304
1288
1000
452
304
696
1199
1319
1233
796
328
381
914
1267
1312
1133
576
282
535
1101
1309
1282
955
419
326
750
1217
1325
1219
749
325
406
957
1277
1311
1109
563
281
550
1116
1306
1274
948
412
319
753
1217
1328
1220
745
322
421
959
1279
1314
1113
572
290
545
1111
1312
1277
964
421
299
718
1209
1319
1231
793
336
389
915
1264
1320
1144
605
302
520
1075
1305
1292
1003
466
305
665
1182
1322
1245
855
356
345
836
1247
1315
1190
676
296
444
1002
1287
1307
1077
529
296
583
1130
1313
1275
939
419
322
735
1212
1323
1225
791
334
382
900
1260
1316
1163
630
295
488
1047
1295
1298
