1651 9 c640 1 5dc 9
728
1169
1308
1243
924
359
107
318
887
1223
1310
1186
786
243
111
444
1021
1262
1300
1126
632
173
164
590
1108
1289
1274
1048
499
119
218
736
1166
1306
1244
942
377
112
307
863
1210
1308
1203
833
281
109
398
972
1246
1308
1159
708
214
143
508
1058
1275
1292
1106
599
148
158
615
1119
1294
1274
1037
488
128
223
728
1166
1303
1244
960
393
102
278
832
1197
1311
1218
873
318
111
350
919
1229
1306
1183
782
246
107
418
992
1252
1308
1152
698
202
131
495
1050
1273
1292
1116
619
157
148
569
1097
1286
1287
1075
543
142
183
640
1131
1295
1268
1036
486
118
209
708
1158
1303
1257
993
444
125
247
765
1175
1305
1242
957
393
99
264
807
1193
1316
1229
910
355
102
292
845
1208
1307
1218
881
322
102
324
884
1218
1312
1210
851
307
104
336
898
1226
1308
1200
827
283
96
356
922
1234
1307
1195
809
277
96
361
931
1229
1304
1190
793
259
102
383
946
1236
1305
1185
790
265
99
378
944
1231
1304
1189
788
258
109
383
945
1233
1306
1185
804
272
101
377
936
1230
1308
1193
809
280
115
375
932
1227
1310
1196
833
289
102
351
911
1216
1312
1203
843
311
108
334
884
1214
1310
1210
878
324
94
302
851
1201
1311
1220
907
359
104
276
809
1189
1301
1232
945
387
100
249
772
1176
1301
1248
983
439
117
218
712
1151
1293
1262
1024
486
121
198
658
1130
1289
1277
1061
549
135
149
577
1095
1276
1287
1102
599
160
134
514
1053
1264
1295
1135
680
191
105
435
993
1246
1304
1169
755
242
101
370
921
1226
1304
1197
846
299
87
303
846
1200
1309
1230
925
376
97
235
749
1169
1299
1254
1005
454
108
190
656
1128
1291
1280
1072
562
148
140
540
1071
1271
1293
1135
665
190
115
444
994
1246
1299
1176
789
266
89
340
891
1209
1307
1220
898
360
107
259
770
1169
1302
1253
1010
473
118
186
636
1115
1291
1281
1097
610
175
131
495
1033
1260
1299
1165
748
240
103
377
923
1225
1305
1216
887
353
98
264
777
1173
1298
1259
1014
486
132
191
623
1105
1280
1284
1110
649
183
119
465
1006
1249
1309
1179
803
286
103
324
864
1200
1305
1235
959
419
111
223
696
1137
1291
1277
1082
594
172
138
508
1037
1257
1302
1170
770
266
108
352
888
1206
1306
1228
947
413
104
218
699
1135
1293
1277
1086
598
177
143
498
1026
1250
1301
1177
801
285
104
330
857
1196
1305
1246
988
463
122
190
630
1108
1279
1293
1124
667
202
122
426
963
1233
1311
1209
886
353
98
250
754
1158
1300
1270
1062
566
165
147
513
1038
1256
1302
1178
795
286
106
319
842
1190
1302
1253
1011
496
133
175
583
1079
1269
1302
1150
735
253
115
354
882
1204
1306
1237
974
443
109
189
629
1101
1282
1291
1137
699
228
102
375
911
1209
1306
1233
944
419
119
203
642
1108
1281
1293
1127
686
209
95
374
908
1215
1313
1231
947
422
110
182
624
1103
1279
1293
1141
695
222
103
360
890
1206
1307
1241
977
462
118
167
586
1078
1265
1302
1156
757
268
106
315
830
1183
1300
1255
1030
515
136
147
516
1032
1254
1306
1188
833
321
87
247
735
1149
1294
1282
1089
614
186
119
417
947
1227
1305
1222
931
404
107
197
634
1100
1276
1296
1147
740
261
98
313
834
1182
1301
1260
1037
536
157
145
489
1008
1245
1304
1201
881
356
101
227
690
1129
1287
1290
1127
700
234
102
346
864
1194
1304
1255
1021
518
148
146
493
1011
1247
1305
1203
881
359
96
214
668
1119
1283
1293
1141
725
253
95
312
821
1178
1299
1267
1058
574
175
135
438
961
1228
1307
1224
951
427
111
176
583
1071
1266
1304
1172
820
318
93
246
720
1140
1287
1284
1120
686
231
111
343
852
1189
1300
1255
1049
558
159
132
457
970
1229
1306
1230
958
457
121
172
1255
905
283
118
536
1124
1299
1220
799
209
141
640
1172
1305
1179
689
153
193
770
1209
1307
1137
578
123
261
883
1242
1297
1084
482
104
325
968
1263
1279
1022
386
98
406
1044
1284
1265
948
318
117
498
1104
1293
1240
863
252
120
569
1141
1304
1211
783
191
145
656
1170
1308
1190
692
157
183
742
1203
1305
1160
623
135
214
814
1225
1303
1124
549
104
257
877
1239
1299
1091
485
104
312
944
1257
1286
1055
444
104
350
990
1266
1277
1016
388
98
395
1030
1276
1273
976
344
104
444
1062
1288
1261
937
315
106
464
1079
1292
1250
911
285
105
498
1098
1291
1245
876
262
121
536
1114
1297
1235
860
264
131
556
1121
1291
1226
846
243
126
566
1129
1296
1226
832
235
132
583
1137
1301
1223
815
226
120
575
1138
1301
1219
823
226
133
591
1137
1303
1221
820
233
140
593
1139
1299
1224
827
243
129
572
1135
1302
1222
837
231
118
559
1125
1302
1234
845
247
121
542
1118
1296
1240
874
274
108
507
1101
1290
1244
906
286
107
485
1082
1288
1257
935
323
117
456
1063
1280
1265
974
366
101
406
1028
1274
1274
1018
400
103
368
990
1267
1286
1052
456
118
324
942
1249
1296
1090
519
112
272
879
1232
1301
1129
577
131
236
815
1216
1304
1157
653
161
193
730
1183
1306
1185
728
177
144
643
1156
1303
1218
802
224
131
559
1123
1297
1242
893
292
100
465
1069
1283
1262
975
356
98
389
1006
1270
1286
1044
448
110
312
924
1241
1299
1111
557
123
239
821
1214
1306
1161
654
154
181
705
1178
1305
1203
773
221
140
578
1124
1297
1239
899
298
114
460
1060
1278
1275
1000
392
100
347
957
1255
1293
1088
528
116
242
827
1213
1301
1158
666
160
177
688
1164
1305
1211
813
243
129
522
1098
1291
1256
951
342
90
378
996
1259
1289
1071
490
116
276
863
1225
1302
1156
648
158
169
682
1168
1306
1212
814
233
113
512
1091
1286
1260
974
376
107
364
970
1253
1295
1098
547
120
227
800
1206
1310
1183
717
181
146
606
1139
1299
1241
902
311
101
419
1026
1272
1281
1061
472
106
274
862
1225
1308
1159
674
177
176
660
1154
1306
1232
870
280
99
445
1045
1275
1285
1041
447
104
282
873
1229
1303
1159
666
169
161
646
1152
1299
1232
885
295
105
430
1030
1274
1285
1064
493
123
254
821
1209
1305
1174
728
192
136
585
1123
1295
1256
950
350
107
368
969
1251
1298
1114
587
137
198
730
1179
1304
1216
830
252
120
486
1065
1281
1270
1041
463
116
275
859
1219
1304
1167
711
186
145
594
1122
1300
1256
948
355
102
351
948
1248
1301
1125
606
135
174
680
1160
1303
1231
870
290
108
418
1015
1267
1290
1089
540
120
210
756
1187
1306
1211
812
245
116
474
1058
1278
1281
1053
490
119
246
809
1203
1308
1196
780
218
118
507
1076
1285
1276
1032
451
108
259
826
1210
1308
1183
757
213
123
516
1082
1283
1278
1030
451
107
264
832
1213
1305
1189
762
220
115
502
1075
1279
1277
1045
465
106
249
809
1207
1308
1199
793
244
111
473
1057
1276
1283
1071
505
113
230
774
1190
1303
1214
840
284
119
437
1019
1265
1286
1103
572
140
196
703
1162
1308
1234
907
329
108
369
958
1248
1301
1142
654
166
154
614
1125
1297
1260
980
404
112
307
875
1220
1307
1183
759
219
121
504
1072
1279
1287
1065
508
121
228
756
1185
1305
1225
871
302
95
374
971
1251
1299
1141
643
163
155
603
1122
1294
1265
1001
429
99
255
818
1207
1307
1205
807
245
102
433
1020
1267
1294
1116
604
155
170
641
1136
1294
1256
988
407
107
288
849
1213
1313
1198
804
264
115
436
1016
1267
1294
1119
611
157
167
626
1131
1301
1261
1003
438
115
264
811
1200
1305
1208
843
280
99
395
977
1251
1306
1141
666
183
149
558
1095
1286
1278
1053
496
115
